<html>
<head><meta charset="utf-8" /></head>
<body>
    <div>                        <script type="text/javascript">window.PlotlyConfig = {MathJaxConfig: 'local'};</script>
        <script charset="utf-8" src="https://cdn.plot.ly/plotly-2.35.2.min.js"></script>                <div id="d94dc62f-594e-4eb6-90ea-3cdeb1c1d54e" class="plotly-graph-div" style="height:800px; width:100%;"></div>            <script type="text/javascript">                                    window.PLOTLYENV=window.PLOTLYENV || {};                                    if (document.getElementById("d94dc62f-594e-4eb6-90ea-3cdeb1c1d54e")) {                    Plotly.newPlot(                        "d94dc62f-594e-4eb6-90ea-3cdeb1c1d54e",                        [{"colorscale":[[0.0,"rgb(103,0,31)"],[0.1,"rgb(178,24,43)"],[0.2,"rgb(214,96,77)"],[0.3,"rgb(244,165,130)"],[0.4,"rgb(253,219,199)"],[0.5,"rgb(247,247,247)"],[0.6,"rgb(209,229,240)"],[0.7,"rgb(146,197,222)"],[0.8,"rgb(67,147,195)"],[0.9,"rgb(33,102,172)"],[1.0,"rgb(5,48,97)"]],"hoverongaps":false,"hovertemplate":"\u003cb\u003e%{x}\u003c\u002fb\u003e vs \u003cb\u003e%{y}\u003c\u002fb\u003e\u003cbr\u003eCorrelation: %{z:.2f}\u003cextra\u003e\u003c\u002fextra\u003e","text":[[1.0,0.05,0.62,0.16,-0.1,0.06,-0.27,0.07,-0.01,0.04,0.11,-0.1,0.19,0.02,-0.01,0.16,-0.13],[0.05,1.0,-0.03,0.2,-0.21,0.06,0.02,-0.04,-0.13,0.09,-0.05,-0.12,-0.14,-0.3,0.04,0.57,0.08],[0.62,-0.03,1.0,0.46,-0.25,0.18,-0.04,0.24,-0.13,0.06,0.21,-0.13,0.29,0.05,0.13,0.09,0.14],[0.16,0.2,0.46,1.0,-0.5,0.27,0.22,0.11,-0.33,0.03,0.2,-0.2,-0.05,-0.07,0.21,-0.05,0.63],[-0.1,-0.21,-0.25,-0.5,1.0,-0.21,-0.04,-0.07,0.32,-0.02,-0.15,0.19,0.06,-0.02,0.04,-0.07,-0.28],[0.06,0.06,0.18,0.27,-0.21,1.0,-0.03,-0.01,-0.14,-0.05,0.01,-0.19,-0.11,0.07,0.09,-0.01,0.22],[-0.27,0.02,-0.04,0.22,-0.04,-0.03,1.0,0.04,-0.06,0.01,0.07,0.07,0.02,-0.1,0.06,-0.07,0.34],[0.07,-0.04,0.24,0.11,-0.07,-0.01,0.04,1.0,-0.07,0.01,0.06,-0.02,0.13,0.04,0.07,0.06,0.16],[-0.01,-0.13,-0.13,-0.33,0.32,-0.14,-0.06,-0.07,1.0,0.04,0.05,0.15,0.05,-0.07,0.02,-0.06,-0.27],[0.04,0.09,0.06,0.03,-0.02,-0.05,0.01,0.01,0.04,1.0,-0.03,0.05,0.01,0.02,0.08,0.02,-0.03],[0.11,-0.05,0.21,0.2,-0.15,0.01,0.07,0.06,0.05,-0.03,1.0,0.01,0.17,0.01,0.09,-0.04,0.07],[-0.1,-0.12,-0.13,-0.2,0.19,-0.19,0.07,-0.02,0.15,0.05,0.01,1.0,0.07,-0.01,0.0,-0.01,-0.17],[0.19,-0.14,0.29,-0.05,0.06,-0.11,0.02,0.13,0.05,0.01,0.17,0.07,1.0,0.06,-0.09,0.04,-0.14],[0.02,-0.3,0.05,-0.07,-0.02,0.07,-0.1,0.04,-0.07,0.02,0.01,-0.01,0.06,1.0,-0.05,-0.17,-0.03],[-0.01,0.04,0.13,0.21,0.04,0.09,0.06,0.07,0.02,0.08,0.09,0.0,-0.09,-0.05,1.0,-0.03,0.1],[0.16,0.57,0.09,-0.05,-0.07,-0.01,-0.07,0.06,-0.06,0.02,-0.04,-0.01,0.04,-0.17,-0.03,1.0,-0.14],[-0.13,0.08,0.14,0.63,-0.28,0.22,0.34,0.16,-0.27,-0.03,0.07,-0.17,-0.14,-0.03,0.1,-0.14,1.0]],"textfont":{"size":10},"texttemplate":"%{text}","x":["Gender","Age","Height","Weight","family_history_with_overweight","FAVC","FCVC","NCP","CAEC","SMOKE","CH2O","SCC","FAF","TUE","CALC","MTRANS","Obesity_Level"],"y":["Gender","Age","Height","Weight","family_history_with_overweight","FAVC","FCVC","NCP","CAEC","SMOKE","CH2O","SCC","FAF","TUE","CALC","MTRANS","Obesity_Level"],"z":[[1.0,0.04839419676758287,0.6184662968745156,0.16166757490046268,-0.10251213343692314,0.06493377364793333,-0.27450478187016836,0.06759998830199254,-0.0069001183866677866,0.04469809090168203,0.10792967592250709,-0.10263348180807444,0.18960695717228468,0.017269473340994827,-0.007615872209853688,0.16411614636267846,-0.1316053117844454],[0.04839419676758287,1.0,-0.025958134319576158,0.20256010359865853,-0.20572532505869995,0.0639016858441567,0.01629088605342274,-0.0439437265612092,-0.1258358902493263,0.09198744537125272,-0.0453038578019742,-0.11628284673262933,-0.14493832661742853,-0.2969305920683245,0.04448710643610377,0.5679831245266205,0.08456523604906302],[0.6184662968745156,-0.025958134319576158,1.0,0.4631361166156239,-0.2476838931365451,0.1783637784870249,-0.03812105839585579,0.2436717259579028,-0.13304185598778417,0.05549938395976947,0.21337591711036213,-0.13375277694008889,0.2947089984659656,0.051911666347924004,0.12973186289843855,0.085768077825203,0.137661591922242],[0.16166757490046268,0.20256010359865853,0.4631361166156239,1.0,-0.4968203767339739,0.27230049038776044,0.2161247050091846,0.10746898796844276,-0.3259806479722071,0.02574641279311343,0.20057538691633534,-0.20190633981947828,-0.05143626950415648,-0.07156135896003618,0.20667669579641681,-0.04661498413000842,0.6343477721255575],[-0.10251213343692314,-0.20572532505869995,-0.2476838931365451,-0.4968203767339739,1.0,-0.20803550695428386,-0.040372246528041486,-0.07136969696244747,0.3192764583149512,-0.017385499819603252,-0.14743660603506176,0.18542170739447042,0.056673197201664284,-0.022943296522863584,0.03667590711760763,-0.06503574180702879,-0.27514925316083294],[0.06493377364793333,0.0639016858441567,0.1783637784870249,0.27230049038776044,-0.20803550695428386,1.0,-0.027283079550244865,-0.006999942635835228,-0.1443329149884475,-0.05065996472779816,0.009719131005230369,-0.19065830861335767,-0.10799515918454052,0.06841691174335567,0.08951951540949087,-0.009101804136974432,0.22194813213006803],[-0.27450478187016836,0.01629088605342274,-0.03812105839585579,0.2161247050091846,-0.040372246528041486,-0.027283079550244865,1.0,0.042216295982710844,-0.06229014381341695,0.014319528818164999,0.06846147191156682,0.07185219154707882,0.01993939834871624,-0.10113484623419687,0.06078109369941439,-0.06509831884762408,0.3439507445883478],[0.06759998830199254,-0.0439437265612092,0.2436717259579028,0.10746898796844276,-0.07136969696244747,-0.006999942635835228,0.042216295982710844,1.0,-0.07183297589888256,0.007811192154302447,0.05708799585311863,-0.015623954804001045,0.1295043068383894,0.03632557228485033,0.07174676466160511,0.05902240527448973,0.15794700695220348],[-0.0069001183866677866,-0.1258358902493263,-0.13304185598778417,-0.3259806479722071,0.3192764583149512,-0.1443329149884475,-0.06229014381341695,-0.07183297589888256,1.0,0.04085937300894619,0.048486233903539386,0.15279344784947377,0.04732856336994595,-0.0739289425993037,0.015833232394886126,-0.06287735133151542,-0.27267570845990435],[0.04469809090168203,0.09198744537125272,0.05549938395976947,0.02574641279311343,-0.017385499819603252,-0.05065996472779816,0.014319528818164999,0.007811192154302447,0.04085937300894619,1.0,-0.0319945301172106,0.047731226618728056,0.011216028879273079,0.017613134086770482,0.08247128872499389,0.02104516811657243,-0.030297544616935963],[0.10792967592250709,-0.0453038578019742,0.21337591711036213,0.20057538691633534,-0.14743660603506176,0.009719131005230369,0.06846147191156682,0.05708799585311863,0.048486233903539386,-0.0319945301172106,1.0,0.00803648539808762,0.16723649219164008,0.011965338418187164,0.09138555748504008,-0.03563826532208442,0.07042256985179775],[-0.10263348180807444,-0.11628284673262933,-0.13375277694008889,-0.20190633981947828,0.18542170739447042,-0.19065830861335767,0.07185219154707882,-0.015623954804001045,0.15279344784947377,0.047731226618728056,0.00803648539808762,1.0,0.07422066400320683,-0.010927977502969156,0.003462876328330436,-0.012794143962294738,-0.16964233470763462],[0.18960695717228468,-0.14493832661742853,0.2947089984659656,-0.05143626950415648,0.056673197201664284,-0.10799515918454052,0.01993939834871624,0.1295043068383894,0.04732856336994595,0.011216028879273079,0.16723649219164008,0.07422066400320683,1.0,0.05856206584303313,-0.08679870911679387,0.036097700419705496,-0.14221093521176192],[0.017269473340994827,-0.2969305920683245,0.051911666347924004,-0.07156135896003618,-0.022943296522863584,0.06841691174335567,-0.10113484623419687,0.03632557228485033,-0.0739289425993037,0.017613134086770482,0.011965338418187164,-0.010927977502969156,0.05856206584303313,1.0,-0.04586406816326085,-0.16557065046825323,-0.0343549203527848],[-0.007615872209853688,0.04448710643610377,0.12973186289843855,0.20667669579641681,0.03667590711760763,0.08951951540949087,0.06078109369941439,0.07174676466160511,0.015833232394886126,0.08247128872499389,0.09138555748504008,0.003462876328330436,-0.08679870911679387,-0.04586406816326085,1.0,-0.025491720461102905,0.09662283991462624],[0.16411614636267846,0.5679831245266205,0.085768077825203,-0.04661498413000842,-0.06503574180702879,-0.009101804136974432,-0.06509831884762408,0.05902240527448973,-0.06287735133151542,0.02104516811657243,-0.03563826532208442,-0.012794143962294738,0.036097700419705496,-0.16557065046825323,-0.025491720461102905,1.0,-0.1441758779309502],[-0.1316053117844454,0.08456523604906302,0.137661591922242,0.6343477721255575,-0.27514925316083294,0.22194813213006803,0.3439507445883478,0.15794700695220348,-0.27267570845990435,-0.030297544616935963,0.07042256985179775,-0.16964233470763462,-0.14221093521176192,-0.0343549203527848,0.09662283991462624,-0.1441758779309502,1.0]],"zmid":0,"type":"heatmap"}],                        {"template":{"data":{"barpolar":[{"marker":{"line":{"color":"white","width":0.5},"pattern":{"fillmode":"overlay","size":10,"solidity":0.2}},"type":"barpolar"}],"bar":[{"error_x":{"color":"#2a3f5f"},"error_y":{"color":"#2a3f5f"},"marker":{"line":{"color":"white","width":0.5},"pattern":{"fillmode":"overlay","size":10,"solidity":0.2}},"type":"bar"}],"carpet":[{"aaxis":{"endlinecolor":"#2a3f5f","gridcolor":"#C8D4E3","linecolor":"#C8D4E3","minorgridcolor":"#C8D4E3","startlinecolor":"#2a3f5f"},"baxis":{"endlinecolor":"#2a3f5f","gridcolor":"#C8D4E3","linecolor":"#C8D4E3","minorgridcolor":"#C8D4E3","startlinecolor":"#2a3f5f"},"type":"carpet"}],"choropleth":[{"colorbar":{"outlinewidth":0,"ticks":""},"type":"choropleth"}],"contourcarpet":[{"colorbar":{"outlinewidth":0,"ticks":""},"type":"contourcarpet"}],"contour":[{"colorbar":{"outlinewidth":0,"ticks":""},"colorscale":[[0.0,"#0d0887"],[0.1111111111111111,"#46039f"],[0.2222222222222222,"#7201a8"],[0.3333333333333333,"#9c179e"],[0.4444444444444444,"#bd3786"],[0.5555555555555556,"#d8576b"],[0.6666666666666666,"#ed7953"],[0.7777777777777778,"#fb9f3a"],[0.8888888888888888,"#fdca26"],[1.0,"#f0f921"]],"type":"contour"}],"heatmapgl":[{"colorbar":{"outlinewidth":0,"ticks":""},"colorscale":[[0.0,"#0d0887"],[0.1111111111111111,"#46039f"],[0.2222222222222222,"#7201a8"],[0.3333333333333333,"#9c179e"],[0.4444444444444444,"#bd3786"],[0.5555555555555556,"#d8576b"],[0.6666666666666666,"#ed7953"],[0.7777777777777778,"#fb9f3a"],[0.8888888888888888,"#fdca26"],[1.0,"#f0f921"]],"type":"heatmapgl"}],"heatmap":[{"colorbar":{"outlinewidth":0,"ticks":""},"colorscale":[[0.0,"#0d0887"],[0.1111111111111111,"#46039f"],[0.2222222222222222,"#7201a8"],[0.3333333333333333,"#9c179e"],[0.4444444444444444,"#bd3786"],[0.5555555555555556,"#d8576b"],[0.6666666666666666,"#ed7953"],[0.7777777777777778,"#fb9f3a"],[0.8888888888888888,"#fdca26"],[1.0,"#f0f921"]],"type":"heatmap"}],"histogram2dcontour":[{"colorbar":{"outlinewidth":0,"ticks":""},"colorscale":[[0.0,"#0d0887"],[0.1111111111111111,"#46039f"],[0.2222222222222222,"#7201a8"],[0.3333333333333333,"#9c179e"],[0.4444444444444444,"#bd3786"],[0.5555555555555556,"#d8576b"],[0.6666666666666666,"#ed7953"],[0.7777777777777778,"#fb9f3a"],[0.8888888888888888,"#fdca26"],[1.0,"#f0f921"]],"type":"histogram2dcontour"}],"histogram2d":[{"colorbar":{"outlinewidth":0,"ticks":""},"colorscale":[[0.0,"#0d0887"],[0.1111111111111111,"#46039f"],[0.2222222222222222,"#7201a8"],[0.3333333333333333,"#9c179e"],[0.4444444444444444,"#bd3786"],[0.5555555555555556,"#d8576b"],[0.6666666666666666,"#ed7953"],[0.7777777777777778,"#fb9f3a"],[0.8888888888888888,"#fdca26"],[1.0,"#f0f921"]],"type":"histogram2d"}],"histogram":[{"marker":{"pattern":{"fillmode":"overlay","size":10,"solidity":0.2}},"type":"histogram"}],"mesh3d":[{"colorbar":{"outlinewidth":0,"ticks":""},"type":"mesh3d"}],"parcoords":[{"line":{"colorbar":{"outlinewidth":0,"ticks":""}},"type":"parcoords"}],"pie":[{"automargin":true,"type":"pie"}],"scatter3d":[{"line":{"colorbar":{"outlinewidth":0,"ticks":""}},"marker":{"colorbar":{"outlinewidth":0,"ticks":""}},"type":"scatter3d"}],"scattercarpet":[{"marker":{"colorbar":{"outlinewidth":0,"ticks":""}},"type":"scattercarpet"}],"scattergeo":[{"marker":{"colorbar":{"outlinewidth":0,"ticks":""}},"type":"scattergeo"}],"scattergl":[{"marker":{"colorbar":{"outlinewidth":0,"ticks":""}},"type":"scattergl"}],"scattermapbox":[{"marker":{"colorbar":{"outlinewidth":0,"ticks":""}},"type":"scattermapbox"}],"scatterpolargl":[{"marker":{"colorbar":{"outlinewidth":0,"ticks":""}},"type":"scatterpolargl"}],"scatterpolar":[{"marker":{"colorbar":{"outlinewidth":0,"ticks":""}},"type":"scatterpolar"}],"scatter":[{"fillpattern":{"fillmode":"overlay","size":10,"solidity":0.2},"type":"scatter"}],"scatterternary":[{"marker":{"colorbar":{"outlinewidth":0,"ticks":""}},"type":"scatterternary"}],"surface":[{"colorbar":{"outlinewidth":0,"ticks":""},"colorscale":[[0.0,"#0d0887"],[0.1111111111111111,"#46039f"],[0.2222222222222222,"#7201a8"],[0.3333333333333333,"#9c179e"],[0.4444444444444444,"#bd3786"],[0.5555555555555556,"#d8576b"],[0.6666666666666666,"#ed7953"],[0.7777777777777778,"#fb9f3a"],[0.8888888888888888,"#fdca26"],[1.0,"#f0f921"]],"type":"surface"}],"table":[{"cells":{"fill":{"color":"#EBF0F8"},"line":{"color":"white"}},"header":{"fill":{"color":"#C8D4E3"},"line":{"color":"white"}},"type":"table"}]},"layout":{"annotationdefaults":{"arrowcolor":"#2a3f5f","arrowhead":0,"arrowwidth":1},"autotypenumbers":"strict","coloraxis":{"colorbar":{"outlinewidth":0,"ticks":""}},"colorscale":{"diverging":[[0,"#8e0152"],[0.1,"#c51b7d"],[0.2,"#de77ae"],[0.3,"#f1b6da"],[0.4,"#fde0ef"],[0.5,"#f7f7f7"],[0.6,"#e6f5d0"],[0.7,"#b8e186"],[0.8,"#7fbc41"],[0.9,"#4d9221"],[1,"#276419"]],"sequential":[[0.0,"#0d0887"],[0.1111111111111111,"#46039f"],[0.2222222222222222,"#7201a8"],[0.3333333333333333,"#9c179e"],[0.4444444444444444,"#bd3786"],[0.5555555555555556,"#d8576b"],[0.6666666666666666,"#ed7953"],[0.7777777777777778,"#fb9f3a"],[0.8888888888888888,"#fdca26"],[1.0,"#f0f921"]],"sequentialminus":[[0.0,"#0d0887"],[0.1111111111111111,"#46039f"],[0.2222222222222222,"#7201a8"],[0.3333333333333333,"#9c179e"],[0.4444444444444444,"#bd3786"],[0.5555555555555556,"#d8576b"],[0.6666666666666666,"#ed7953"],[0.7777777777777778,"#fb9f3a"],[0.8888888888888888,"#fdca26"],[1.0,"#f0f921"]]},"colorway":["#636efa","#EF553B","#00cc96","#ab63fa","#FFA15A","#19d3f3","#FF6692","#B6E880","#FF97FF","#FECB52"],"font":{"color":"#2a3f5f"},"geo":{"bgcolor":"white","lakecolor":"white","landcolor":"white","showlakes":true,"showland":true,"subunitcolor":"#C8D4E3"},"hoverlabel":{"align":"left"},"hovermode":"closest","mapbox":{"style":"light"},"paper_bgcolor":"white","plot_bgcolor":"white","polar":{"angularaxis":{"gridcolor":"#EBF0F8","linecolor":"#EBF0F8","ticks":""},"bgcolor":"white","radialaxis":{"gridcolor":"#EBF0F8","linecolor":"#EBF0F8","ticks":""}},"scene":{"xaxis":{"backgroundcolor":"white","gridcolor":"#DFE8F3","gridwidth":2,"linecolor":"#EBF0F8","showbackground":true,"ticks":"","zerolinecolor":"#EBF0F8"},"yaxis":{"backgroundcolor":"white","gridcolor":"#DFE8F3","gridwidth":2,"linecolor":"#EBF0F8","showbackground":true,"ticks":"","zerolinecolor":"#EBF0F8"},"zaxis":{"backgroundcolor":"white","gridcolor":"#DFE8F3","gridwidth":2,"linecolor":"#EBF0F8","showbackground":true,"ticks":"","zerolinecolor":"#EBF0F8"}},"shapedefaults":{"line":{"color":"#2a3f5f"}},"ternary":{"aaxis":{"gridcolor":"#DFE8F3","linecolor":"#A2B1C6","ticks":""},"baxis":{"gridcolor":"#DFE8F3","linecolor":"#A2B1C6","ticks":""},"bgcolor":"white","caxis":{"gridcolor":"#DFE8F3","linecolor":"#A2B1C6","ticks":""}},"title":{"x":0.05},"xaxis":{"automargin":true,"gridcolor":"#EBF0F8","linecolor":"#EBF0F8","ticks":"","title":{"standoff":15},"zerolinecolor":"#EBF0F8","zerolinewidth":2},"yaxis":{"automargin":true,"gridcolor":"#EBF0F8","linecolor":"#EBF0F8","ticks":"","title":{"standoff":15},"zerolinecolor":"#EBF0F8","zerolinewidth":2}}},"xaxis":{"tickangle":45},"yaxis":{"tickangle":0},"title":{"text":"Feature Correlation Heatmap"},"height":800},                        {"responsive": true}                    )                };                            </script>        </div>
</body>
</html>